0 18 11 9 10 14 21 15 12 
18 0 9 10 11 12 20 14 15 
11 9 0 14 12 18 10 20 21 
9 10 14 0 15 21 11 18 20 
10 11 12 15 0 20 9 21 18 
14 12 18 21 20 0 15 9 11 
21 20 10 11 9 15 0 12 14 
15 14 20 18 21 9 12 0 10 
12 15 21 20 18 11 14 10 0 
