0 23 11 35 16 17 9 12 13 9 
23 0 9 11 12 13 20 9 16 17 
11 9 0 16 13 20 17 9 23 12 
35 11 16 0 9 23 13 20 17 9 
16 12 13 9 0 11 23 17 20 35 
17 13 20 23 11 0 12 35 9 16 
9 20 17 13 23 12 0 16 9 11 
12 9 9 20 17 35 16 0 11 23 
13 16 23 17 20 9 9 11 0 13 
9 17 12 9 35 16 11 23 13 0 
