0 19 5 10 17 5 13 16 9 9 
19 0 10 5 9 13 5 9 16 17 
5 10 0 13 19 9 16 17 5 9 
10 5 13 0 9 19 9 5 32 16 
17 9 19 9 0 16 32 5 10 13 
5 13 9 19 16 0 17 10 9 5 
13 5 16 9 32 17 0 9 19 10 
16 9 17 5 5 10 9 0 13 19 
9 16 5 32 10 9 19 13 0 5 
9 17 9 16 13 5 10 19 5 0 
