0 2 2 2 2 2 2 2 
2 0 2 15 14 17 16 20 
2 2 0 14 15 16 17 21 
2 15 14 0 2 20 21 17 
2 14 15 2 0 21 20 16 
2 17 16 20 21 0 2 15 
2 16 17 21 20 2 0 14 
2 20 21 17 16 15 14 0 
