0 23 4 16 4 12 4 4 4 10 
23 0 10 4 12 24 22 4 16 4 
4 10 0 12 4 16 28 22 23 24 
16 4 12 0 10 4 23 28 22 4 
4 12 4 10 0 22 16 23 24 28 
12 24 16 4 22 0 4 10 28 23 
4 22 28 23 16 4 0 24 10 12 
4 4 22 28 23 10 24 0 12 16 
4 16 23 22 24 28 10 12 0 4 
10 4 24 4 28 23 12 16 4 0 
