0 11 15 8 21 12 13 16 8 10 
11 0 10 11 12 13 8 15 16 20 
15 10 0 15 8 20 21 12 11 16 
8 11 15 0 21 12 13 16 8 10 
21 12 8 21 0 15 16 10 20 13 
12 13 20 12 15 0 10 11 21 8 
13 8 21 13 16 10 0 20 12 11 
16 15 12 16 10 11 20 0 13 21 
8 16 11 8 20 21 12 13 0 15 
10 20 16 10 13 8 11 21 15 0 
