0 17 8 12 9 10 14 13 8 
17 0 9 10 8 12 13 14 9 
8 9 0 13 17 14 29 35 17 
12 10 13 0 14 9 8 17 13 
9 8 17 14 0 13 36 29 17 
10 12 14 9 13 0 17 8 14 
14 13 29 8 36 17 0 9 35 
13 14 35 17 29 8 9 0 36 
8 9 17 13 17 14 35 36 0 
