0 18 13 9 14 11 10 12 20 
18 0 9 10 11 12 13 14 17 
13 9 0 11 17 18 12 20 10 
9 10 11 0 18 20 14 17 13 
14 11 17 18 0 9 20 10 12 
11 12 18 20 9 0 17 13 14 
10 13 12 14 20 17 0 18 9 
12 14 20 17 10 13 18 0 11 
20 17 10 13 12 14 9 11 0 
