0 24 3 3 11 12 13 10 17 22 
24 0 10 11 12 13 12 21 10 17 
3 10 0 11 17 12 21 22 13 24 
3 11 11 0 22 10 13 13 3 12 
11 12 17 22 0 3 10 24 12 13 
12 13 12 10 3 0 22 17 21 24 
13 12 21 13 10 22 0 17 24 3 
10 21 22 13 24 17 17 0 11 11 
17 10 13 3 12 21 24 11 0 10 
22 17 24 12 13 24 3 11 10 0 
