0 28 26 12 14 15 8 17 8 13 
28 0 30 8 12 13 14 15 14 17 
26 30 0 14 8 17 12 13 12 15 
12 8 14 0 15 26 17 28 17 30 
14 12 8 15 0 28 13 30 13 26 
15 13 17 26 28 0 30 12 30 14 
8 14 12 17 13 30 0 26 15 28 
17 15 13 28 30 12 26 0 26 8 
8 14 12 17 13 30 15 26 0 28 
13 17 15 30 26 14 28 8 28 0 
