0 14 9 8 11 10 13 12 
14 0 8 9 10 11 12 13 
9 8 0 14 13 12 11 10 
8 9 14 0 12 13 10 11 
11 10 13 12 0 14 9 8 
10 11 12 13 14 0 8 9 
13 12 11 10 9 8 0 14 
12 13 10 11 8 9 14 0 
