0 2 2 2 2 2 2 2 2 
2 0 2 17 16 19 18 21 20 
2 2 0 16 17 18 19 20 21 
2 17 16 0 2 21 20 19 18 
2 16 17 2 0 20 21 18 19 
2 19 18 21 20 0 2 17 16 
2 18 19 20 21 2 0 16 17 
2 21 20 19 18 17 16 0 2 
2 20 21 18 19 16 17 2 0 
